24 12 12 24x24/watch_0001.png 30
24 12 12 24x24/watch_0002.png 30
24 12 12 24x24/watch_0003.png 30
24 12 12 24x24/watch_0004.png 30
24 12 12 24x24/watch_0005.png 30
24 12 12 24x24/watch_0006.png 30
24 12 12 24x24/watch_0007.png 30
24 12 12 24x24/watch_0008.png 30
24 12 12 24x24/watch_0009.png 30
24 12 12 24x24/watch_0010.png 30
24 12 12 24x24/watch_0011.png 30
24 12 12 24x24/watch_0012.png 30
24 12 12 24x24/watch_0013.png 30
24 12 12 24x24/watch_0014.png 30
24 12 12 24x24/watch_0015.png 30
24 12 12 24x24/watch_0016.png 30
24 12 12 24x24/watch_0017.png 30
24 12 12 24x24/watch_0018.png 30
24 12 12 24x24/watch_0019.png 30
24 12 12 24x24/watch_0020.png 30
24 12 12 24x24/watch_0021.png 30
24 12 12 24x24/watch_0022.png 30
24 12 12 24x24/watch_0023.png 30
24 12 12 24x24/watch_0024.png 30
24 12 12 24x24/watch_0025.png 30
24 12 12 24x24/watch_0026.png 30
24 12 12 24x24/watch_0027.png 30
24 12 12 24x24/watch_0028.png 30
24 12 12 24x24/watch_0029.png 30
24 12 12 24x24/watch_0030.png 30
24 12 12 24x24/watch_0031.png 30
